								(0,0)			////TREE for 1L
							(9,0)		(0,4)
						    (9,4)  (0,0)  (5,4)
							   (5,0) (0,0) (0,4)
						       (1,4) (0,0) (5,4)
						 (1,0) (0,0,) (0,4)	


								(0,0)			////TREE for 2L
							(9,0)		(0,4)
						    (9,4)  (0,0)  (5,4)
							   (5,0) (0,0) (0,4)
						       (1,4) (0,0) (5,4)
						 (1,0) (0,0,) (0,4)	
					       (1,4)(0,0)(0,1)
						   (9,1)(0,0)(1,0)
					        (6,4) (0,0)(0,1)
					      (6,0)(0,0)(0,4)
				 	(2,4) (0,0) (6,0)
				     (2,0) (0,0) (0,4)

								(0,0)			////TREE for 3L
							(9,0)		(0,4)
						    (9,4)  (0,0)  (5,4)
							   (5,0) (0,0) (0,4)
						       (1,4) (0,0) (5,4)
						 (1,0) (0,0,) (0,4)	
					       (1,4)(0,0)(0,1)
						   (9,1)(0,0)(1,0)
					        (6,4) (0,0)(0,1)
					      (6,0)(0,0)(0,4)
				 	(2,4) (0,0) (6,0)
				     (2,0) (0,0) (0,4)
				(0,2)(0,0)(2,4)
			         (9,2)(0,0)(0,4)
			       (7,4)(0,0)(0,2)
			     (7,0)(0,0)(0,4)
			(3,4)(0,0)(7,4)
		         (3,0) (0,0) (0,4)	

								(0,0)			////TREE for 6L
							(9,0)		(0,4)
						    (9,4)  (0,0)  (5,4)
							   (5,0) (0,0) (0,4)
						       (1,4) (0,0) (5,4)
						 (1,0) (0,0,) (0,4)	
					       (1,4)(0,0)(0,1)
						   (9,1)(0,0)(1,0)
					        (6,4) (0,0)(0,1)
					      (6,0)(0,0)(0,4)

								(0,0)			////TREE for 7L
							(9,0)		(0,4)
						    (9,4)  (0,0)  (5,4)
							   (5,0) (0,0) (0,4)
						       (1,4) (0,0) (5,4)
						 (1,0) (0,0,) (0,4)	
					       (1,4)(0,0)(0,1)
						   (9,1)(0,0)(1,0)
					        (6,4) (0,0)(0,1)
					      (6,0)(0,0)(0,4)
				 	(2,4) (0,0) (6,0)
				     (2,0) (0,0) (0,4)
				(0,2)(0,0)(2,4)
			         (9,2)(0,0)(0,4)
			       (7,4)(0,0)(0,2)
			 (7,0)(0,0)(0,4)